2.132238769531250000e+01
2.516982650756835938e+01
1.362931442260742188e+01
1.384175300598144531e+01
1.083152675628662109e+01
8.757735252380371094e+00
8.659854888916015625e+00
6.926026821136474609e+00
6.346222877502441406e+00
5.087385177612304688e+00
4.808762073516845703e+00
4.562793731689453125e+00
3.886657238006591797e+00
4.029022693634033203e+00
3.853555679321289062e+00
3.291659355163574219e+00
3.420130014419555664e+00
3.203700065612792969e+00
3.034566164016723633e+00
2.910640716552734375e+00
